31193131
65632921
98157848
73059183
16557960
67041914
97625242
44943550
67192146
59623271
52635211
75545367
12787905
18710595
14818074
95283612
93554318
15951609
83702338
89956506
54116594
17845294
51058844
63554801
75630460
11450826
56104248
22809809
28905462
64347376
62705085
23055793
24047038
77024935
87813433
25080048
16285492
43388081
22463321
95384907
88184941
36116792
66533049
92238760
44166833
85251023
69198084
40239321
40669590
86322884
81348211
31990516
14481709
40318497
70441569
19151600
95612982
31509988
66765040
28623106
10410837
33251898
54010542
73289021
96480251
32882187
15038234
35407811
86024100
46323788
83086198
74093491
70589946
50675539
25805930
67323379
61763066
63254764
27191359
19258864
10055974
60138180
71980072
85396056
31839378
34328996
86081043
65349494
11102088
66948788
99485217
27911758
34747831
34774471
10944914
17852342
72530565
36033576
67082702
52131591
69730993
55218628
78724752
45272976
13306121
84028056
50637305
39506915
25950724
64873080
34272399
63266700
90516052
39405353
99105790
49800242
88417705
53058997
36189036
50671622
77294034
62748922
34754619
98442964
13455963
87900467
66586106
78509981
56962342
97702696
67118581
33111829
67958067
17071119
16975159
17918978
22604055
96017931
63756467
19760644
89387877
42681098
22067661
24155123
85820811
76915973
91205547
65299475
28532652
36918082
68591026
66558018
85844841
38383875
25275188
80361245
67168981
89654094
48650964
89109550
65788361
35039524
55485370
55795685
34237097
33799550
52453233
24652716
98924347
33824351
65597830
89885955
47294141
85629106
57592106
48735349
93867646
64177604
78596962
49816269
46315783
86492324
61065015
16966426
58032815
57183744
67019452
69532840
12360025
14865247
75120432
51660584
35572902
83635798
93834735
80975476
22415505
99882374
19028704
70108666
62965023
33208678
22482356
87499881
22384047
24477429
79753594
81017408
64536980
47961348
35931805
95058095
99777416
79152621
76844327
89252345
12548896
99900131
65192598
31698871
60040655
67810312
63956970
45075830
60050672
25142070
36223811
23551518
81328197
72985236
17239130
58870723
60677438
71508725
89152405
20985408
96224709
34944749
30588959
14719167
93684679
43171916
72823876
52813772
92992422
60969801
82722941
42903586
30202699
23721160
95050150
77770468
42187879
66521246
85110636
51653008
65672976
98973343
27932502
62796897
68957571
82556583
25834492
18954048
78282754
58755967
86564404
59436056
58486512
29325830
94128606
42538767
61371485
94966670
65546329
82882144
19430412
52615141
71322546
28816895
33340805
20012097
76065689
23063108
30129768
72100579
94110173
71444463
37215741
21968655
46978153
13161332
58732543
32298162
95096511
28202669
69818858
47033366
91360737
84377269
78719093
38442141
33278395
43797873
27761729
55734314
52076255
16317486
19237524
41800876
88333738
21538493
89946133
86214659
54586936
48116974
49559185
80831618
64106854
85582834
43805042
10891156
26988821
43641258
12072102
38826165
38816620
49536792
68494993
44083478
42694273
28754242
56336307
95832588
72834207
45372219
51107872
87161159
99711441
72002157
15773542
93853768
50356579
36122955
15916734
38862799
36108000
34640714
51456031
97188478
44421955
86824292
27060519
59159418
26245517
69260220
79099211
93466283
88317950
33442010
62869291
98951572
76653970
38006557
14733779
98094552
32956454
23083696
54289649
81365348
67361769
14694470
57556853
34489049
73360866
13173629
28585426
33599481
82287257
57972433
46031140
10609476
38211712
61963137
39936155
61908944
71834996
77288790
44644553
15748041
58923945
46956028
11848687
58728997
28380732
40455153
20524946
11468016
60501908
26614772
40112107
81769258
75188251
53429638
90043362
62644162
74228313
49889310
75358190
65304350
40896256
76380311
70653735
56115129
45686160
88629483
53894356
45098192
76601684
91093151
26822708
97015694
90658915
19135306
46119312
67618618
72660226
36816652
41255925
69390671
74848790
89958682
20978437
25066712
98198904
49145379
29763847
52577818
32867608
68167007
38355807
69810999
31463238
76386071
86487178
62177165
88938688
97131092
26930079
53853932
34882990
67931925
91681274
67766369
59887092
27141941
54593941
71053296
39747247
14060151
52719303
79543156
62170761
43156068
49796605
13015798
51578322
45140832
74529133
97893341
69684545
34920521
78405585
98087190
73314568
15060614
12425166
87701500
47001979
63631939
14345755
63517910
35260060
65105544
17132346
46922956
51896389
57890919
59767509
87717482
39983475
49886169
34520695
46333975
61844788
48664284
14802433
32617575
12921273
39351732
78053099
65422856
65651802
17723767
34471406
28324213
66125667
75723727
70384618
96180764
71338575
86650398
87313972
70821450
57282744
64946292
66677967
10743245
60307505
21592618
30564053
50101153
27146813
94433172
39393541
71683008
14148957
81306765
31090395
16854716
30276934
86626054
44826453
14667672
93034953
13042427
53414947
10319791
91085139
41340057
40265895
37794261
10736360
19924746
51358443
86972573
25736920
11752794
70623110
65124330
75082272
28141553
28691685
15994815
18573971
78526394
62244859
83934948
32516160
26512197
22214416
51460787
69512295
17034742
22133000
60284216
65946042
32571298
44529127
27873727
87072116
25435804
37823805
58775699
17372568
28133273
19263043
55377576
42653461
68035518
31232070
23974030
27589569
68638250
65789360
41810260
95682939
15190250
97871956
45554087
62311685
69602897
41995803
54576664
49853597
75245737
61580621
29249972
37954918
89897308
21711652
26327238
46132872
96382735
77840195
84799340
29542903
66976011
98933416
42611978
94976931
65001604
91387541
15007914
86258047
14319717
91085997
94273829
76350953
34297901
63948606
38550444
56266116
71662930
52475374
95398683
95554917
72137217
44407767
20955896
54841470
93743031
35697033
90024030
36624229
26034226
74170161
52690794
91117194
35573424
10744468
74221376
35009241
97810176
96962132
10634385
63266081
72452532
74890392
45058172
74918267
84576646
61023240
36626071
41055861
65428168
25205477
30491482
19677375
34139996
92992134
54452607
14499497
49342697
58019789
23404362
77408454
30743715
85016296
89821802
19345408
23346128
92973980
65839735
88111360
40300746
87850394
93914849
66790537
67312531
47420777
94403445
48072263
41639513
69010075
84437442
31435196
10679893
37737496
50403071
70886432
23087902
61258464
67841314
88199933
42669236
37234307
41833208
42822147
18701765
71451451
84925216
74710382
49347226
48842593
93644146
85656453
28492675
47599453
70273328
33089265
72169225
42265318
60245975
69243698
25800320
88413411
36077792
47573563
95779211
85090337
18945041
91669471
41756129
30667082
15370471
29960934
40470939
41116020
91437350
69283888
81332929
48707214
86818767
89619138
37155416
48731497
58125745
36213857
40747840
64004695
42849542
88440895
50859896
52739050
37861636
77663205
32574478
88852470
49984171
86673372
99997253
65419848
11471519
11350580
49741300
91836584
53616433
49870180
31803599
32791165
73906353
77924984
32285216
87582015
56662053
71727925
66413884
85411102
96548472
38711964
87220421
73921093
93959321
85938888
51581569
72192620
27445513
42494874
60527520
12567372
69159098
89297350
71228581
18224524
92052424
11017012
27675046
69053352
24271557
89952587
69793573
27223621
63561407
15939566
97699663
36517853
38436191
56665027
94307802
50612401
45729666
84904065
13157325
61034818
59745467
81805894
39718500
52649703
99934985
97569617
47384900
52415286
42295413
98305911
13755531
47805996
19418928
90318586
85710253
93876539
16001509
36155137
18400813
49411756
58294167
71035092
36595115
39046155
30477108
96778881
62637456
73319152
90894906
41728060
77874553
58313207
52710049
99014090
23265687
38773412
56653463
11190193
60461039
18068530
76590855
38880083
64864222
44855881
43648151
21029883
42359996
46662400
38554406
42536799
82949156
39962117
97672282
25593673
78285404
98771722
42073028
44498285
46078367
58581453
89833148
30520276
43017094
70288218
77288920
48561024
56633033
33221622
16718656
12570496
69668778
80288304
87819132
45024872
81033274
24720416
16782737
18828390
35362054
37544725
45348410
36594594
73469182
74121659
57311521
49577271
32045354
31280928
14144536
87620076
19088733
16822577
83118684
89211421
86516262
76247089
74350443
72372478
93020272
13540568
94701329
96246677
64021295
32595054
23103779
52838994
22838933
28711611
60447719
59952795
67122793
41249226
13020050
13254187
70001879
99644586
51485144
30686628
31427649
77004564
75897148
42792044
27601764
79698149
57470488
79646001
33807204
29520288
70122520
89728726
79718814
87078108
48497763
93609073
58506325
35545933
64604495
82082349
33403098
78947799
88884974
80639417
95072412
95936336
48757577
48907750
97941384
74486131
96797818
25044055
59540215
81662670
32862661
30723903
86522140
43645534
64788865
62306032
19086778
48064836
29028661
52383494
19009469
32601177
16288790
13925517
91859449
17376305
45797214
57623260
21514289
65803603
88077554
89330863
86094645
70228135
72709087
12999390
44436324
97454244
56944554
53411184
59842211
43247513
21866185
68032435
52407163
47778149
63767020
21500844
77473992
44578303
66627347
53641356
34915629
60951566
64256318
69208584
19126982
81088578
97024414
78541459
61117779
83463743
35435001
95428420
74309042
53138183
90920252
14179922
68062739
37498307
92523149
33695749
64542357
55559070
39902764
64113656
19187295
34465311
68839523
14920651
45388874
48616619
99300161
53170374
73849259
59829762
88751526
49364792
14791417
83221891
46827603
58557217
75424065
76855942
91533807
12594769
13261275
44000531
73095916
94833117
18391401
44507523
16670828
28150158
27454783
56350348
35180552
17966098
14057314
64189673
79080624
24010694
31571710
23154738
56361724
51658487
39491118
82704869
37274883
21870109
52826945
55913125
63559760
48439868
41447768
36811505
39684287
80245537
52095210
98017166
31804783
18946492
44181052
93201881
48329159
86878966
83617407
80318112
73282588
81420800
33926915
10387927
82090717
19170737
28734706
82836516
54156480
61258427
43506213
18026084
36182468
22403946
66019205
67316705
36778789
43079571
69205895
70884031
23194516
79727202
56849757
80487701
27827129
59408290
59764677
70546491
13723181
76355300
87803004
70151270
78572511
13663818
61790352
40843226
92608569
38790272
42451452
78395869
26881609
99133664
76931422
92108258
62008123
66254012
87860508
53559591
79142556
73298408
52094312
13729938
98709634
22181076
33239073
94130037
54680560
86742254
58960171
84740240
35773187
97849311
65673009
31597253
52659792
24840588
91883222
84969511
17313299
87374118
85318094
68005778
64026333
85010089
48689944
27904603
63033369
50952909
10096678
54689749
85760175
17231131
22321006
67328895
95914864
87180049
45765888
29194972
98622433
95492343
83546347
57704747
51928415
87270796
52041593
49971956
75098217
14277374
11407353
57126603
68432855
40163050
44498789
18296780
79465935
22625301
87226463
20363186
90306951
89408910
23191575
75037706
99069660
56503821
87577916
36605165
98301130
21496831
60642239
81013638
37443108
65677569
96485379
18381707
21613470
64045891
52880695
82552688
21556613
97028494
77629165
97368976
94208648
83816750
47303481
36174315
15434545
57354848
29652021
82883563
72079343
10311171
62713262
89769666
52460431
34899785
32739961
42479230
26988067
28032292
28868137
87826900
28460747
13842228
26854731
85615992
42882236
45974442
89994855
32435197
45169281
98203800
21468831
79357975
79882432
10573688
63056080
89925032
76165479
51361642
62664119
99057638
85816179
98504703
84339311
95084898
75776435
81969270
62178856
16454305
35243996
42769694
20697634
59525577
95437874
85841438
55546217
77804388
99384343
48077127
41400016
25563856
26123474
89662180
82836691
14187397
47034153
12605709
47215071
10415722
80487935
93176787
27259948
33098011
13917349
73826804
44274966
74282168
42419274
15948231
35399345
84397515
30906555
63314411
10869888
12728631
50474482
33172637
74959814
42313528
53031706
27473336
96470079
57328256
15684783
71022854
59061364
83561151
35748443
76093679
33916788
35725716
88186853
39176070
19296688
20313278
11435489
10973198
48192550
38340457
57184320
43486588
76910466
10744119
69179742
35548605
62081060
10085564
52987603
21506847
16226805
96954990
75789675
18759255
94839573
56069925
96947568
40373682
10427048
82971184
24633462
28437140
39425055
19215566
16921277
15924388
16448238
13946744
31463649
92557542
70761742
66433262
53755887
78145848
72739367
53213212
80261566
36038225
50742561
71156290
98563974
14263964
41849118
87247147
91992030
43401898
99225548
39084890
30241839
87850752
11165305
25913294
74331736
35514075
15430599
72149079
86330397
74872425
94870512
20843994
39718828
54938725
76356665
41845107
34526692
91255809
13672838
39629471
32986014
24962936
69519713
11105376
94815903
15454757
23771557
26134281
63863993
33794621
10614136
66699248
80979755
47933716
91812185
24029751
61024051
16494935
76943346
87653750
22499348
40075529
59390857
21438131
28716581
54311296
21430699
95114345
73263953
69056617
32583337
81176433
46096515
77010932
51557270
26466922
86152579
96892814
17026959
56521635
58589647
18354394
85349896
10340178
33852003
38163284
65142528
44153298
17980405
56517595
14111009
74520799
21814569
31148021
84709233
30110342
81276777
16251591
95382265
16835797
56199036
58742088
25938499
99940853
98118307
19731410
74751096
94148596
36261387
16615687
76683907
60730610
54864466
68887813
58026318
64337898
18472689
66278525
66567758
34007312
86252651
65414246
59068617
99994576
88273276
77380602
34837319
39249210
25286594
46405619
39086587
86910510
20572675
41109360
84924556
23577926
22373699
68270575
52629612
45281546
43581188
89796103
35695511
82370603
20521114
32658115
62031594
33596230
75477760
79670028
21389130
90445018
84342512
11357459
34838117
36023491
50398923
53872332
23234384
90183346
81055007
15923988
84834781
61494963
10220368
46442612
28709739
76548263
50348051
25765135
25193716
19838881
24137114
47808272
42971213
84713738
13388076
56886234
69956643
33704657
28779564
47646254
42495920
59602649
83739202
64683962
54963587
66527325
50257457
44263268
96334012
85415683
34932459
26822892
44400722
90676455
43236139
94987358
69330427
65998717
22851572
28023228
42260625
81487044
91145401
29381450
66723140
70722990
41132155
49812634
58343285
20735805
71970853
49176869
61238669
64578879
75352911
39924761
77431578
91193038
51024722
11777750
82067554
34821829
13314891
89345795
77208309
72449397
12111377
20828202
50863388
62704293
15384255
38998977
50649479
31119474
87905853
48754456
11133378
85262527
17138354
80671915
97149042
75992063
87020920
86708721
59438731
91698621
35304965
73960568
13005472
64537182
45955025
42324545
66282462
34023273
41283622
73168685
76533054
97435053
86046621
18580572
68607774
60981574
63925115
56033634
18232134
18820855
20391294
88778068
61976573
62820971
49925313
55184727
15188999
31692469
36004296
95025709
48303919
22453875
73129838
13412914
19857303
60602967
42527951
33747085
59834875
81970026
17039816
40363222
59401987
81159853
14331403
45715033
61799790
98116839
41024791
31200650
69103937
33022881
90761872
59451939
69291052
58421358
27688808
68640803
78704344
68320083
95967616
10109006
19150495
67276241
64633410
88104191
53399682
19610754
94028637
40719207
12853633
43319350
37774512
35396774
68792053
43284940
77186604
80008707
22712803
64065981
39538285
20641315
62737089
19990989
11934681
66386549
87133793
52937593
49684389
96924844
75087020
14785236
47874384
91448166
12772887
97623225
19743858
47975653
29413005
75493988
78936766
59809033
34989576
35868075
78619706
93341678
13615840
44017458
42607461
36438023
37597729
17615526
20320702
77489837
26657461
58933148
23275144
21461696
18804392
87924722
53635475
47986145
54958614
20668537
98555150
91965684
32310900
29330632
60740572
45804381
21608939
37630728
75040491
34824622
23695299
55130639
19303026
66296612
44492611
77951950
11468863
21490323
54975354
20587260
46855113
23756465
85179576
25355093
58404869
65504861
17324590
80065705
39085308
21191158
15801096
16045079
12454372
59591876
92111183
50489468
11402250
61052491
63350180
76706526
67654591
43502620
64600942
70707946
66737746
61927608
99118716
34592919
91866428
24439672
62003520
53068422
83434813
99923131
24284025
84814347
41798645
59919729
85228489
70312855
17574122
79851703
80236921
11048788
74651986
59283016
18255518
62497894
66425079
78533058
46883696
41155486
56972090
84324168
69521734
90774654
51560956
89736843
64707709
89179046
94749723
57343346
59663849
73152167
15500052
72354546
28334196
23168731
13175245
83764218
90627401
77590298
83935472
93739100
90117142
52900400
98451472
53217316
64831170
83778130
12580544
30030870
77225287
21207727
85805624
81923732
66271942
72303903
86047384
95376492
50693555
44874401
11456461
60514975
62994817
68233517
61276175
94216170
21072523
33129497
51123116
29980618
28927721
55158934
24401709
34581901
46118842
86535474
10140753
19756041
25654569
92630438
60578690
15495470
16337345
10155327
56423700
64290823
42891188
90072749
47199981
15946463
36483680
19536383
82601753
12975425
12490008
63838781
48865709
68600147
90938090
77005469
67226804
53011174
48581599
43801903
91592849
15292833
59998149
86782350
50568451
82430602
94830977
26801725
28744134
15710229
33699626
38314424
35292002
84163656
65031593
43828234
61576183
29250768
60030185
30935377
65278345
91713218
13982922
16381601
47044992
18393866
80112963
17221787
51675698
57726027
13650927
62185918
23622346
17123194
95975467
94153194
18870894
59771061
44733506
87730072
30052089
37490206
97837236
91434745
24533559
80251949
61700639
76218006
99051613
89826602
98898948
48786010
41857246
17049295
19905151
18915052
24233648
88454975
44856280
43959524
23484819
87642910
73578850
81437887
28565855
73302301
56774637
49296075
75903710
51836709
41747554
62422577
19115074
84090001
87104814
93152019
30480135
59497340
53768000
42099931
76614491
57316941
74689674
25319111
63547276
75782024
52639785
23826007
43663489
93530373
80443420
90762605
37965828
16537593
54750799
74946230
45296870
28727948
95576439
50719019
14397046
68975282
64817579
14841595
80324156
20193617
93008294
98318641
49474140
56967050
84120846
23834014
23284136
68810593
76735615
85340946
90578459
33383710
29884109
98876529
14414480
97900279
27938499
54285417
55467874
13079282
14852852
69773806
17849476
19315521
23634268
26805915
50694538
44285396
86601450
43031088
11659112
93415186
55334156
49146466
97532838
51776958
30228527
90884065
82044167
87106595
91314859
27469861
77679722
26194834
19651519
21290224
87513026
33879251
28240054
59598527
31191945
28200407
76613763
87619726
82938130
19124184
63443972
12141441
61613885
83473059
37826777
83277604
20776884
81275712
95323370
48029585
23120449
87301178
76277504
60328252
73208564
96397954
55224619
20115652
11812709
96995593
48742927
45918712
96582427
85536790
64279638
30705762
72406949
26491493
27012959
12320535
95313544
29628475
30940395
65318228
84540606
14353801
18978998
55884978
20707202
73770030
59722033
40810272
68769948
54314898
46057331
42737512
28446991
24417640
12746838
64198300
96298422
54273359
72054111
64214836
47865616
49052598
32720857
50719584
85091759
19321069
91918490
19459200
82285083
17665999
85193943
45011424
75473377
94613201
27512344
89483144
88915803
33806840
87489360
94284657
87031768
74030522
71364259
21860133
82390182
21102609
22877654
99367899
62985443
46042898
61235450
16177585
84475512
64019415
42625626
79049722
89980008
56038334
81437683
46009179
76004414
33546599
69678284
55263419
76687778
99503451
28489895
44884788
90846671
81779203
28918657
23191863
92140249
97486024
37817484
98492061
16499140
29871748
38408119
88840900
16973291
15022952
70730688
58942539
16690382
92739053
44203425
81794575
91908964
55579872
52408473
36605962
27472789
50429789
66468834
31717276
81489919
30146116
61732734
10197432
25400520
56761872
93918854
37271501
81716008
38042149
62715452
49645671
71491439
57498680
58293456
54399220
54514025
50707119
66083818
14474181
21107033
27540801
15679306
82175078
62362706
79448230
83897471
44092226
24118482
33215041
22460256
16670299
61201398
41885870
78890380
61572608
97975125
37096692
42142624
73590885
68812080
48162784
56260932
58985282
66452499
63426089
11168292
50950134
49178468
72602585
95776680
33934604
60551100
34178986
40337040
77998236
36696406
10226654
46381830
72817909
62369149
24178077
82739724
78936369
21071753
25684240
59468835
55112697
50267682
10611149
37180517
13842556
54460960
47604699
57339661
70227901
26842977
35570095
34155130
79256788
36871602
73468934
31562100
82285334
47710344
71485178
45396344
53408632
78882569
24346724
23122083
67186343
74241601
26812107
16056345
40300607
57492620
84818927
97343674
49487136
59892367
45770901
52893270
20445004
72989795
83144892
20287129
56830456
13953959
14468238
23136075
54209070
80598961
61135954
74423602
96575821
53300803
62399445
70279729
58613953
17589001
62403214
16057364
63488055
59882209
18691233
37950596
65871332
70696698
43665016
92531892
29810981
47027374
58386521
13452107
33683906
35618768
67401393
54788211
32707733
32667398
80718792
47119518
79245564
62788432
14073754
55137093
66737161
84794119
94008434
55438156
97785224
95028425
20419696
16092295
46020275
79200072
89286316
90091759
88904471
57116629
20893139
56767413
92699133
17214493
13706664
96249383
45129598
41940303
19312488
58094548
24280707
46607907
75069726
68338582
17875005
16385730
54485781
43259270
23409359
60531554
13360152
25326885
18405973
86534864
72043904
67580748
59509201
83737006
43467085
10857696
25022470
34535767
65635834
26778900
73609034
63661641
62004579
66078211
60013625
72204928
70326653
32495579
96879082
27946607
73393540
35841955
92501779
94680902
88107640
88317022
74472112
98553560
57058597
67457919
58022314
49202376
92462403
87488284
21583147
82691834
79850085
68519427
43896245
83661303
96910017
25401988
95861404
32662491
32233109
67902960
44321378
56209739
44803295
48502238
62287108
23330492
97543296
98791583
17409699
78028887
39953022
91520916
18568874
91803630
21164855
83804282
17654154
76671852
83358939
26562025
81627984
48165204
62174842
39536103
81730840
95732188
90825701
24463662
44804889
89903353
64850473
59832424
59226567
55707003
84101686
24071030
92935837
25462469
53784798
28750877
24063146
16908298
82925651
34174754
66175721
40913351
89498046
47751248
70861143
92581185
70876208
47613413
28480527
81115382
75952407
12968433
54139596
75484252
35729535
95649053
66284967
61328032
29945257
54611108
11769221
37095708
37830466
56485327
84174358
65687846
33792510
20880822
25165608
99856709
75014660
29724814
82266036
60610584
41482612
13401223
19220814
63357954
98929217
15140350
38094985
92346423
66131848
57355148
15958755
36150674
65768276
36205606
28663845
54886866
44248128
95148304
16924596
21904762
78685836
81701976
33547510
95968582
89857441
80472758
43329537
70516555
45034279
55999457
25012123
51728716
33124244
77194897
50012679
14419732
52883863
10067666
87585064
69436707
45389396
52407080
83553537
95678048
91506735
55814327
27075549
36136764
21934350
16445192
68053611
83517277
82101850
48609717
22517227
43920483
96101005
15005233
14097224
39001398
97774094
49549212
87351480
30007662
73962132
20917476
67153636
93438894
14429956
74755673
27598645
26553679
92923610
92446051
35323581
90284509
41462075
86943660
25674634
39467016
14545403
24852446
28250766
25551056
74252647
85109822
97835192
34053245
78444504
95889028
39594700
56408604
62071466
39118813
37680571
60310235
12538442
30353171
17967103
71518440
51124922
97233751
42188385
26718805
48622717
21020522
93843305
39362581
93924084
20456847
14617078
82747933
67939799
61493887
59197027
84947676
27994480
24999232
16827548
92640309
21029323
55376295
53751391
78114347
75094116
56976419
64751000
99486501
92709048
95872378
48693841
14348108
87979195
30761629
50833015
14358087
81973774
42548978
34140046
61312178
34173320
50853814
63836736
73554094
62612185
21311064
52254637
63255715
47056108
11132355
79680013
89490642
92489562
69670721
53630492
55458163
52820969
34003198
40165814
25458674
15468321
44961499
45510556
88419180
76467097
33745723
68052162
69079298
28784618
11388710
64488466
18581583
33128840
55042172
60663650
78044642
70782832
10118759
80018221
50403781
87042412
32017049
61399307
91305387
13521592
26832756
84191103
14027836
92266121
33088281
15976908
72846043
91011692
27838315
87136423
11219053
93593754
35368966
99904002
91601505
53597036
96401214
59132909
74170033
95880776
12057129
74776871
19529955
91492515
59700980
22094003
39620802
24009411
82873920
33891830
20886395
11258478
56176901
25690849
70535553
39328687
45518509
42006622
34238956
70188415
48505702
44547696
23615272
93876305
62125971
57391826
56124058
69891800
44849656
86198995
32791441
14259876
37414705
19879945
10817275
98847959
70821926
23528424
98261127
24672074
54341001
95982821
98789526
90605726
74612685
38893141
41923141
96281559
95842412
47100834
32320531
85594080
75930245
40234230
50119232
56174188
86937721
96371307
54969720
51087568
46718911
30397160
55392774
88239507
49290365
40265574
34177748
55339050
17440870
29842046
96106158
83974996
29555874
44890577
76528516
22961071
69628681
45619742
80409235
43566611
98950843
46273622
81744628
33949993
27448269
86269212
22920723
72646840
47344894
82208471
72804653
71124544
47264292
79147409
80892661
27572799
62385714
78823680
50563450
32639952
38630964
35252248
83651940
36706662
86830904
43731120
61394781
40976433
98255562
71906527
31523694
83831432
34611110
52916214
46326665
51598543
72408560
54500218
23589790
95778005
46633171
41207253
41485207
63962911
93022023
30635428
20645928
79905063
82213603
94172159
44946484
53579099
44172685
63847929
28170517
22499368
49033031
43909523
80627637
44533490
29191439
49242854
89524665
24542688
95972180
87774932
52386200
65253595
40312967
16825100
37430561
88775643
71148628
67269765
32881550
70573817
47175838
87082995
16324627
99761173
70817818
77957283
72293628
75089908
91622428
39209638
77535547
58835209
44140295
17129535
26132896
76206311
55482235
69693693
74438771
74350193
95144379
81191419
34912622
92051338
97386693
42785247
95629493
21098080
87904635
23194120
35842566
13216145
77421056
82309600
14476396
77007482
64692037
16680681
37810096
10414358
19456597
46944984
17462944
50611619
15660674
68312372
79888555
43788783
58833452
35422727
89073608
89796128
94044025
39992876
87372118
25714135
39415623
60710478
75809048
42571315
41960871
18574098
19301611
96702971
61323853
90296096
20954683
20902654
99644515
54636935
70137791
32439198
12709033
50129589
80501049
40241344
42549208
63161788
18710860
99354842
40063520
58729157
45548766
29967168
39912920
26688019
50357208
21510148
84438012
18209999
39515366
57072650
30001194
24229927
16058958
13327927
86233710
95416157
62200776
94357378
78622282
90393033
30271014
15623998
37367484
38261888
39906313
93485425
38961796
26983411
40625056
88789703
47555154
33841967
34643614
49455988
52756301
53320295
49659970
24165054
30719849
54166269
17659638
21152172
59304594
37358384
71961758
60519401
98911939
35192948
14393422
57172265
68002727
85608813
59139328
14316845
58423907
84623497
39708462
91522862
90367136
84620083
97611359
61236401
77010371
99673981
90547816
64513434
49603108
42939055
44588965
61500816
62534530
50900156
10905361
39325202
25812556
11888628
75201035
20345633
25348826
13619388
59563718
26064963
53705116
75159160
60889384
41190380
55271165
90524745
84538778
64584292
27031926
75173854
72394158
43581234
93016317
55288901
66171888
60491274
61877941
98565864
48551464
15365829
55638288
99694949
83647787
27626586
95377901
92542971
53669944
46445824
76446841
58762641
43568685
67188409
51438040
28183846
19183839
10719879
50742343
28574834
90053103
87962120
74640920
43954392
94905077
58210222
57526557
72935350
90340906
89523905
85138196
34050009
68546575
98801596
57001195
17358151
99235451
47642605
94894152
81427197
21269796
70111805
15925627
29541870
65752185
37450715
40736886
50120059
58948999
92159962
70683737
27935048
56756908
68766862
21421483
78701222
36980695
95842626
31673793
92947030
46543384
32074137
34879439
91717224
50942246
24506815
43678795
15345640
10171171
21905085
56634215
15301552
53441712
13444937
86347593
16064708
83154306
76372538
73581793
46157203
95538505
28960533
45623302
70881092
78127767
43595375
31282318
94391205
21981860
40839306
66877251
56730790
74213821
20576013
84839911
92369679
37044515
29546882
54928514
75601131
30145604
53506953
24361359
75340925
25788204
71401778
28169024
64974516
92875314
93463979
70268950
84488723
44933739
81104656
46650702
49317902
22556934
84214422
74589264
26496624
62046376
47105229
70864916
82293436
85278859
51566868
12017371
82094322
95571059
72980921
52182313
95161655
64156385
34941989
73763367
97208772
52786742
84048132
52723843
85017027
89444522
42330348
66909620
17126595
23765451
91928841
71045047
29524322
62567240
78894622
82911315
96389192
32733347
47708568
73414880
58278163
31026042
78578442
37176421
35418353
75042146
28810914
72664182
92583702
40584170
17836030
13636583
32959507
57248670
56865585
23836283
65907397
25257303
59046875
90853548
82052603
28319262
34282227
87412552
58252410
37637287
18061744
90335797
59031504
36180335
50416688
49496660
80758311
38212597
40932883
90051843
46392926
91064687
25828114
36695869
97912749
18213960
22194162
79932571
17212480
94437905
44788229
41089692
73382643
86405957
48816558
63159820
32211813
38470976
85875527
18913054
88266023
46810477
76441989
38571305
65608859
57830864
81368506
32315692
86259083
49064613
74878462
88856027
77948081
90623781
34401080
90136019
62387469
31986659
55083879
12980800
28454021
68391120
55194909
77960012
57598094
59325716
56163542
69551545
62047629
51337619
45526255
94185210
88150061
92131879
91317501
14596000
33074011
60531998
29047110
35548147
95366141
50093603
15623305
59154002
46716037
85684738
40355615
39764808
45576347
89172039
22204266
42623904
55759655
24402306
89010904
72463067
89939129
12357689
52922779
48486742
82670678
11869569
14328259
34258411
50239905
12344273
51653585
47233949
37032572
78907787
30305587
45675493
91788439
14039736
42302916
23605812
79915375
15311525
35733512
54209995
65400495
39661013
79461830
95118158
25583119
60933510
40536861
67174200
18173869
45204872
14222729
81122925
46957004
20672422
34125302
93836510
24702011
99124610
19796044
90291345
36054282
72363036
10684708
43111812
19419330
84577395
90212367
56377410
67340561
99176216
52608972
90886010
78460562
43185316
49393831
16161429
77991383
34454496
41304163
34814225
72282386
33029359
79054931
28144061
15493327
33329102
27931426
28530622
44634493
39863540
35165500
39968515
59579251
14250421
53994716
93554454
68474055
30415843
14630945
74491908
88633724
29378172
39480920
79200175
48602090
45854369
56775365
79210334
85443265
87859327
64861585
88218947
89335102
42949709
20508065
78638396
98875601
70451954
50625167
69160659
46377007
30506559
75370049
19995271
16094982
85267491
58383108
49973539
88306420
35466004
55584063
76574419
57043952
17498159
35360577
42163154
43315378
89957955
48528805
95069542
31516434
52897947
58692224
14613146
87430971
27136930
14884755
52392016
80562435
69346110
53443752
56040773
86689070
46739925
66945280
27839001
37076890
97100321
95923601
11692645
73858834
67425020
80988087
40590190
32633420
84306245
67490360
13645395
87052298
46403258
19496377
18858490
29834901
43365273
96933860
85165641
12028981
17364034
26410760
46719741
10510781
96988170
74187805
46515639
66508611
27187762
67869379
32463022
13757729
30660542
75118996
19665299
89776082
28349198
72413715
75323221
15222154
74369516
41856520
22513389
50274575
74600375
62438729
48266046
27151821
44342966
31597217
32651650
77344446
39000068
44776017
70619006
47019371
70945873
90735734
62765009
17807124
40027531
52602177
90982637
46747587
58240223
84920919
93449518
42125951
78912010
46978127
76119875
66793841
32943772
95651549
78637539
74080870
65769327
76156733
20988101
81469713
12470667
46019320
35103818
94701132
83294247
44116709
49652602
34017436
76728677
93821826
48258758
41135030
38117923
97807010
65915360
58498100
30161884
36356631
13768929
99906852
27257566
43235403
75606403
25188313
79813042
67132276
85941078
73543469
11355366
60380101
28657659
46707447
73292366
42445254
29752246
82142025
65007125
65982051
90594527
67974348
44467786
65288327
79987720
65548658
94244963
95710840
12744652
99733601
63919323
28241942
82319035
97373090
66112766
53081700
21481935
84511576
85487212
20058113
29202149
50380401
76330431
38667671
82117876
68097704
98697236
75660277
82958071
72903501
58194941
31430543
61211342
96348288
71217099
90251413
84806724
38692718
33258055
75893257
94607746
44525277
99616520
37594948
15086859
92195959
62130950
32607302
24138183
40694099
91016509
99146107
89751737
87001023
29562824
70298846
52148357
49606734
71931177
36400516
83354187
69127830
96732875
50118042
81578376
55746028
92910931
93726189
94816309
18549208
58847410
22215939
85205820
93005423
14811718
66100237
22562555
83901262
73271413
15439376
56696992
98898294
66027187
39769597
67057252
13706341
97326502
99945562
34001821
87818296
81137467
30052400
40775449
28393923
59638205
83587083
18360954
71422160
71328982
92611666
94235578
13405776
88633010
35589821
57237180
27259376
83929279
65067966
44647631
66517767
14156766
61777124
18215336
48894554
55766966
60194258
65674143
12245638
85298524
43296302
91269380
81487806
14814934
66662073
40001208
60506031
70427999
87136121
72353278
78080200
66046911
55941731
51452442
92253560
82962771
71313208
33323859
38555900
11677393
51907039
24965412
71375248
17599818
89413028
80094757
13799532
19206912
87583297
81140195
56771649
12302566
59563277
67536654
16854170
83377647
28702715
91990403
53902309
76938310
76005180
89128849
95160424
89381064
48881564
86356061
48752268
48704509
71519146
43121331
77561087
17193128
64924015
60140543
42601527
86642353
35828464
52470270
35868225
80891174
44312417
32299278
61327358
87076748
62265768
10107449
47569566
55968654
66169622
81902317
97292299
33679993
40868128
39204369
36842088
16244079
46855591
40016801
80512893
35444903
80794092
16793904
22583327
94344677
53201575
26358227
97158251
81217087
33926235
90677728
18791445
31564913
81341058
36246122
25002204
85861893
92260135
43475612
38350559
68516458
10759642
16928049
17481186
50510067
93630238
99913169
20630557
79203072
21748932
70021370
85278101
69799556
99116864
10486520
84150684
51533824
61372457
82540856
12181192
52407112
67682679
55559447
96217150
87718007
85742512
26078702
83154312
25189807
58686175
99540779
30587774
11376630
22202980
93457354
99820885
95385377
55490403
43503870
63900645
57637838
79908852
69351575
25838858
98938861
59294872
74502730
37410947
65084608
43824747
63976976
64299127
26156697
97019283
34990933
11430487
41617042
15883905
64844753
59103545
99570095
86882764
11866259
48094737
19353234
48850861
98672296
53085951
68274996
20614986
71328678
97087675
93774376
71521336
85575523
63730479
65516746
41232080
42806751
57012760
12887241
93735113
65763992
16811775
44834344
48068849
75473704
10933398
36369364
68762225
75018788
10358295
75504873
20462798
26203350
29191549
43023685
69249181
98827714
55454034
98240781
76915155
54912683
81456275
55983161
56285186
42211072
24070922
12437995
24886430
50163156
20219350
13201191
78857800
58227020
39172352
14691412
91551018
96221263
33516659
59508387
49837402
51876995
77433468
85632124
19406776
15237571
34633591
55830355
84272358
78884212
31145666
89528286
75647120
76734189
73859530
93844010
37649875
40513391
37059247
45135798
81449301
63082480
56886100
88021054
57038522
55110206
78279824
17743379
48598379
55550433
61217297
52036417
33331553
49846155
32479258
70365486
78594538
99947108
83222522
72695812
39722573
16732762
14252167
26500601
80778271
17003060
23944566
62403023
69530145
75352249
82185594
64885799
75557048
85066135
36387370
71279355
87136473
96905317
12827572
73911935
93992879
44105535
74669629
65505597
72259764
30694134
40170399
98747431
90636502
45848070
32431201
69016025
64694774
51323856
52945448
82153101
44625022
57495173
58636004
47313350
63510409
38358461
15364777
35860065
78459883
82555412
73746451
35986205
69666279
22586471
79383666
84410837
25676116
43478270
68317838
60905113
79400745
50666845
70902594
63484015
38427717
95240662
43576521
75562756
62820181
24535769
67991125
13583700
20863067
67059808
97825802
98178285
52763778
33531478
82491000
89427517
61006221
66927940
40212698
33363917
63782651
97438799
16104384
49520060
20435398
57312964
64653453
81098537
83592519
58774163
78828840
60959731
36926971
30301609
32001557
20046387
48755093
66977990
78128552
25608782
88799627
85600440
63595630
65292245
57713232
93609673
45501937
64543282
60115982
92925876
25245657
86004040
23081758
75742019
98469797
13655430
80317705
73130301
98645251
96663130
91011938
26549503
72211232
37726376
84572163
90187539
56195537
34244930
15419288
46239388
46563146
42254618
49209621
49998637
94580409
62561395
84257116
80418911
96413960
54235811
16159361
75982852
82635170
33018631
76807467
51021880
29832624
26115030
28597481
92631300
39344393
49986155
35579386
67014744
78060754
78861027
99859505
79719054
18401631
13757090
23337267
56109680
71594538
53283180
97344526
27328093
10615625
92470922
88071304
10821655
35352282
93150446
89214502
57340108
10273749
42854927
21597540
34694630
77477407
63867152
53633005
55417977
60160058
77166839
20186602
71484391
37349714
29467780
21524792
40223051
84961601
30685520
20581818
71407783
43294782
25089628
33757153
23993489
63567093
30347306
55962903
75279842
29229761
39274083
18999761
83401977
88809764
16379931
18688857
27354570
34514989
18938554
58178629
16089881
13191142
13753550
44810256
39187133
93280081
93520013
14218327
41820048
21045106
93945150
69997424
60712794
64454483
76842612
41604400
82857142
65065686
57847323
44246077
80474085
77454238
82318619
11734430
36574779
55784033
48176024
54377604
11839875
80295767
29119507
22063331
47581695
85073372
58977606
48267176
87494131
38050894
57887625
27750385
11238022
33666610
25832176
66993679
82615594
24402849
72825598
27748504
22863767
60368716
68440703
56690576
78416602
31370368
47172604
41817550
31446696
17996133
56910387
58261137
49592056
10111768
70665873
42172902
12854562
90315793
96825476
46722317
66358051
77174083
33296650
39028005
11188908
29915022
35461738
11869282
63830313
24846007
35906780
45205293
92060356
87852590
47224694
95212655
43077661
69393465
88148852
21066174
86989553
70448041
55655204
45702652
46136001
48800504
13833101
31444003
90718553
23526107
97889341
18735876
60318760
39808290
85324341
93701389
43735327
84492761
90174608
28971737
20020397
98209833
20660652
51030309
46747563
45593665
95190257
47100595
23665556
94430908
64440226
14102300
24024173
53401304
55113828
11752459
70700134
24728598
41134227
91867564
81554638
51448803
21335563
43678602
72881587
73708102
36391302
95757796
96137213
58209121
11387514
77640287
68291324
64101640
68952446
78312712
62562207
67632641
54939340
25819932
50031440
52609069
97956058
93688159
71404810
12580981
15636526
84203416
28433657
31271781
79968110
40652441
55146639
25111498
44689321
66328155
38525227
18926971
45095061
96820287
58965685
22786705
75026144
20558701
36701681
54703080
90651966
96550742
59301930
30433175
79057749
46592655
83720023
57240728
84442953
72905407
99455007
37206077
92478454
86995004
45984818
27825590
58454275
40546936
52519678
63113925
39425776
31329216
71575185
82025934
99435241
44684287
58095614
85877000
17967083
53006845
52866127
71168799
13545174
99762406
84015421
94155848
90609968
56138352
87818450
89505454
60838367
94474573
92280658
98966143
98118324
34585709
20195207
86934634
15065206
32988746
55230528
92705085
47261711
78666752
19061308
46606389
61432679
74157495
12681957
18891348
51414577
85894598
13507161
59297271
37268607
30962098
49050188
58609971
58611967
51821595
68908688
21247715
58238396
99556131
41322846
50643960
39673947
53812131
11220504
47147654
50990111
14325525
69680733
72601692
92912033
96943262
82189735
98880055
91053369
84525920
36598398
62642892
10340150
99628047
78441572
37877577
43610564
66051676
31547021
80442709
39207030
46618510
86758994
16219566
80654268
30396531
57335861
57576985
22355288
15923037
28053807
13681270
70382123
17630455
96881255
32680202
52596463
53051357
53459105
36840231
48285448
67850538
80230975
10599327
71434457
56815028
92545167
98655216
79837554
33642284
61408383
93761279
32872291
26258218
23218343
69574655
38490599
57483945
98227720
52648364
10049879
43598250
50682096
19666543
93718612
82897230
29291562
17348742
87126894
63290633
87514325
29416113
85408436
83130970
71332995
38562019
39349447
47272358
86986977
16211622
52501107
54254228
54474611
26706010
13596549
23164942
49656935
85022258
75587215
52230871
31863182
73478063
89569419
42326908
52073634
10670526
37375464
86381509
65972306
98816332
12488371
25317748
24823448
87398746
35035115
54364852
99436405
18950182
38874828
43525556
36001128
94531534
82858900
55144801
31430287
59102731
37654633
97009897
36009032
82516218
83929757
16377197
54312776
53490853
22343678
24565491
10031377
65433211
30443651
74627688
94678620
84571607
41929747
74383238
69841355
33846106
12165958
25875003
10322404
54475564
96528991
38690235
24541352
56073165
70889017
74882579
24325948
93306614
45639355
45034305
22510546
71373651
49951314
50248501
61216931
18764153
38269961
48045719
22867383
28848258
25461989
69331489
27644208
20255046
58425693
51525195
47006777
34858021
72172862
82973488
60786828
11144436
64315684
65199977
53692537
24718877
89012083
98473773
33884261
79028729
13125786
56201721
30271774
37305106
94772299
25571267
64167352
65475119
38207458
88597383
52708112
81172597
48110131
44570974
22132285
90694633
24574321
64095443
66123277
52695391
74063998
10293299
87497443
95887657
49227158
80017149
77553341
95226594
67504149
36987480
30706673
46610722
31024390
98359935
51689253
74152867
37113584
83603490
20853530
12469899
33072566
75578745
64954691
77304511
60710700
21653492
68794291
21501170
49697425
32058956
72924165
22465874
38402777
93676816
93752798
49267441
88665033
34321063
37159171
91427328
40327465
90526274
18337743
75788115
19243061
47716288
51998152
24204808
47625359
85182746
76724149
57864823
46013385
28230308
31005886
31944216
52761781
24582828
45530015
97080071
81891326
73539697
77374614
68542761
48177607
93481008
90584288
24740256
21036445
16094676
95801287
99707754
35322348
68168582
37242882
66465721
71442770
10941252
19092308
76363454
42320683
87316569
72638088
33013724
95608395
15328962
43779664
34090550
88988166
14210851
52791652
43733161
15948302
25217051
63478437
13424514
90862988
75694657
62354609
61392554
39524786
18302372
37931235
26827977
92485137
40393684
84786159
67016360
59496142
95364786
78140061
42112193
78106126
60983683
24149839
33799308
19212754
96105455
81850891
68936110
25250403
57741674
68458812
53258161
63082867
84079852
50447647
99867645
93479456
91649899
78096752
79951706
72985055
29507695
11923010
16472897
71595781
42356745
43136316
27775677
11973430
61136769
81733041
39167164
65037203
95628314
65030367
34314255
16479212
97072883
39790285
20271017
13653937
34449740
59866890
23984471
19922474
96191739
58162697
26002746
37884874
65982511
92587957
10826414
91427591
99876203
79631981
41886852
97454840
28875889
31823973
12906306
71016168
78997188
43763953
72313298
86524960
61737753
16250503
80511497
92900738
75181895
52904875
10733559
12639586
49002330
34404390
88377574
75760255
62097120
40400464
92094183
55020406
85273860
72643949
59360698
15585616
49668451
34721545
96007922
34066469
31683656
93160611
11393843
65324564
39256012
90318652
84682744
98571724
19654554
84705095
68112385
48695257
97035830
34047846
32918356
38762007
96686888
76472351
86149401
64318997
28622369
99343972
61556525
23777364
30113277
92959670
96930309
71905132
50623926
35686182
68094507
27055458
36675662
68108530
86229203
63194162
43516124
73108606
54678401
56531393
80579538
33029088
77144077
40117119
72233201
34958150
41613840
57961959
18249760
21694111
45775216
90402727
18635740
64833138
12795278
85489747
74199267
77251390
42501855
45804479
11554334
26979286
67092292
34803446
98743525
27153348
15382478
26037761
11170565
44690411
24038963
36111606
26134038
15130028
11258851
83967024
83939322
80402803
69828056
58633637
42520842
83354075
53823933
34207870
32410572
28467698
89254786
40040597
83988794
82408747
32227085
48336591
18546025
73699544
36214535
73946219
93453000
59856198
95458592
81406493
46688072
47403057
43068654
90320815
46438132
75884772
28424896
55560345
90091625
66308507
86329206
47867102
59226913
81609308
69444120
46400792
70869344
77238763
71569734
99574441
23119963
72730486
66142562
97799193
73389650
35554513
57072048
22441386
35883080
94570998
27481108
29873739
63245249
33930643
21715145
66557716
55517707
76538689
55011305
32640605
24116876
63638168
53859020
49419359
89415018
12636556
58204669
48062021
45501240
36566918
25429961
29920383
69532227
23056931
67274433
49332358
24999986
10210507
11174993
86803393
31205534
15005579
87042441
39625644
75366910
25758154
93600337
57201267
12996780
17149185
28920193
80629514
36165606
56602995
79579811
34942512
95741535
70107346
16009098
84087375
30107644
89859728
94609163
20745656
13474916
51669012
26879138
15064813
78521728
40867022
71316914
28028261
85837458
14098626
53893153
42721535
62038859
35425926
53560575
40411425
13612631
13675481
15094358
81054606
53780983
63125606
42682419
25978521
12821519
47049787
58629781
15834535
50061739
41966338
37931227
57067777
62020693
19729168
46325678
33616538
70857541
52006332
19085965
32728728
95144100
29298879
20054934
20478311
68679676
80396535
80600536
89830428
73759209
81941448
91670761
99325221
38201141
49308952
84429932
56503445
34505707
53962412
78717014
73255227
88567044
19027522
93491291
91930217
26662090
12994303
40825799
98037258
30198149
35106188
41576733
54392309
41669179
80787763
89087593
83029108
25648599
62368715
74136192
41054362
67581210
44048675
87981125
54375766
67859229
60059011
26687836
33185363
43890786
87781927
95835891
81412548
33495722
62066286
97200866
35234085
34586257
81398993
16146607
61121477
36448544
42340143
24404608
15956865
70570210
84825912
86538331
16913251
44813561
13841460
95836963
28232964
56376056
36011232
30975503
12352583
58346107
94913940
64669928
63384208
48085286
48826712
90532183
77769783
55019995
59533675
31438277
51699148
27112594
61696437
11578329
91811128
91937106
85428427
98234820
86990330
29327914
21731397
13519630
10892641
49769380
27709171
74111092
15512041
52184965
96200474
25003409
67970220
73742031
21470058
42181690
68447960
75783145
93344164
51356270
65427223
48851282
41820688
53578994
19934098
84744709
89979009
54288571
75845421
86975256
79848308
82952983
73068908
76495626
21730295
24853698
32583995
52798574
38670416
82777230
66215915
99504078
90587618
67596154
90272362
47816984
76168460
35542097
11655922
81583021
83696721
11386310
24149663
95727798
22193543
91870598
65112432
26902474
81282872
51036142
45379676
32086724
59838443
29756450
81295099
69765449
22135224
81666522
23289665
32443587
85505417
60711069
83906685
16667421
88802038
31953834
66715856
28295502
98455542
15563321
96990151
27756101
77647169
81115759
57395536
64300181
38038209
17831703
17936780
80620787
53566050
11562830
41758600
75219912
52315497
74122392
95187204
97597606
12536981
58053016
33921790
51426549
28845219
43449145
16345598
85059427
24931877
23107185
56737888
66292609
71592750
49737430
66119617
24411728
39275874
97289104
65821909
60401683
86962488
41277811
66783180
65514841
44787865
71245461
55315517
10237979
14215933
61663562
22751681
48203877
42458789
72963261
30816102
34044378
75946495
63459958
24132695
58812334
44747431
72382941
74862745
18517424
58757367
14248073
25318798
66864409
18661184
22413249
30237860
96090503
15635610
82964377
67313789
85766145
29676423
68835216
81651899
22234427
63085021
62398768
52967670
81918868
86466264
49384690
64696862
26439397
63407643
83132866
84594489
79552215
18281564
70985742
64168680
86700012
25552130
11971249
86478229
56091922
17227717
24912366
25876528
41907776
61304700
10451541
78009747
50829901
90871865
60981215
83557534
35000198
40729501
18877603
94831273
88053982
82428363
32221241
74739782
55308773
78243846
95071789
28187988
24479483
41626062
63689593
64826981
56663310
85097152
24085036
53260626
11900460
36723258
42951240
48685381
89786751
64419230
67221016
51820596
28929400
87728720
10083098
17579360
84698492
95041301
76237523
71173987
66932961
94665987
20463854
30951748
98728088
54731255
53850581
95378539
81023475
84964988
85224531
86446898
32916301
87964679
17941769
69154704
12776620
30388690
84711689
69607393
57839383
61910842
99136855
37651289
60845277
74403084
77930652
22322399
26546704
83047256
71825676
30441556
86460057
91739940
81813088
10834033
57669428
89354697
27881372
58220690
30385873
87907103
61064965
63949993
34259890
89296515
26721909
16422720
58411145
53893394
97861528
49454083
94877604
84094777
38053383
47000284
71429884
29975389
95093488
54192212
64197382
51693467
62680790
91555192
82948755
60964733
82586185
51371556
47608410
33914438
81603787
84551592
57964657
60821719
59693337
40089679
95338880
42525105
41806187
25247723
60987570
90137085
52146658
96301725
37483218
63106891
94534189
42525742
67726268
66505966
27361954
59396455
30276982
94782542
33709227
27789907
52356153
35876210
39109909
11975862
55178998
78658760
55369917
38408023
98012070
87406424
61508792
91003809
32536305
27562218
13682095
66984924
71150945
66823153
10862757
82410659
81221118
56007827
60029503
10703434
25668345
15168720
60630490
34479204
83261013
77706973
78413573
11524444
83983419
53801392
99357439
34955184
94619520
18958883
71118223
47798488
10482918
50145140
15266204
14235101
60685516
70565147
75094404
20595407
73945307
73513846
97201910
66889388
95779936
94628893
92384212
95037032
17536537
49330646
18807064
87615588
66581770
24949765
61426917
28308640
98613038
65317328
28826712
77629906
69751251
41963915
33029103
28592472
99608729
57948758
80582203
64502239
97989384
45694484
69735963
99314609
61406963
82104218
40935498
13322643
31459882
20239439
31212317
59385919
13411564
75819240
33531911
67246925
91167832
66413830
85243724
87522208
50305308
36051034
38586131
48466717
49100051
42941639
52419792
26852344
42458725
48402634
14925869
43027575
75709295
15324891
24618633
62067082
84705702
39855078
48160480
28335993
47242428
48261484
85672891
91852907
28334877
78279164
40104093
46349408
62692710
45663085
87613765
83169353
82875075
85066209
78170091
31996152
30247736
41820887
87828069
41084710
73198130
58567039
72212077
11031025
18164949
67474790
87761219
24434869
39492869
32085125
71248113
24338905
56110834
16639256
79676211
71830393
77444479
67608784
18450415
70715868
46524993
57947511
87693166
88120864
19541596
53952078
12684465
27736476
21710162
43310463
80281199
88987026
75204136
36671384
79769523
39573933
36940172
16188478
89639140
92119579
83393485
84032945
51452921
78772558
59919510
97808925
13119401
93957835
90534218
73882310
18906751
47614257
67247995
98806222
68592174
61028255
35956070
64297929
69149582
72054666
98428245
11555215
77691548
86660506
79131251
16225761
66350318
85822524
12139604
96339115
54451307
42854656
89775643
25008024
34456338
32008553
67768693
68382255
50236358
61005515
32411334
82690063
90426224
72113961
80070333
98607075
46058448
35211019
73371447
19834647
90719559
44620837
26022007
99228380
67028627
19531634
95174578
46191978
32825974
11108908
27142439
67210340
43892212
28283983
40060217
85558515
40493285
64893680
35374345
10198675
49993120
62076277
65817843
82906158
23331907
61559072
38168093
42616138
87248021
26484120
84613309
13667357
26985394
27607058
97660980
61779597
12563421
68057341
28104834
77545155
36718727
40456352
86058192
37137041
65841560
27818856
38929084
83183412
45644518
11335666
83135330
13253091
31435899
45866430
24626758
58396225
51605744
26467854
31268270
80644496
86388801
74588252
70761247
78778612
65394482
55602553
86131151
90335370
85813752
67118424
71841279
48236378
12790082
68538889
87656149
41011571
22670022
30234824
54394213
22680423
41779216
48814084
79241599
37808065
13612797
47516611
95850505
57191339
12312846
34424080
90659228
43837193
53442396
51461707
38897762
32927293
59310054
71909585
47740021
67574766
37109836
82385267
44905981
61949850
53729149
35554390
71207645
20614481
92053003
91761797
90968869
40891464
39686697
43273320
64254774
25981863
63946605
37025533
82599724
63769853
55578021
91781178
16791206
63350563
88118639
97026454
27004634
33563362
59824156
55893571
89814308
19396172
35153639
60213630
89570200
30891472
39153641
93183957
85510646
67433094
20744602
71294932
41470836
26671228
42798150
83418573
63198703
47050745
12119212
83121145
99986884
57786178
73787682
23967389
95828183
75473173
51163126
50651452
92923724
42518885
40561076
19365481
13281431
93055387
49544965
28663024
31576784
74137915
29050362
24896712
32585003
37685057
59890186
64807801
15449873
55577952
55666044
25429853
40658148
58549435
62616481
88554182
25314175
40973443
92115138
92321890
62114002
36409178
17193599
33666160
87683259
24449825
30827730
57257098
17877262
80936398
54563016
90399686
77654920
95951529
36537693
86365667
75357703
46268735
19771297
81747297
67836142
43373065
10831793
11552715
79761877
23247743
41743422
29516319
99452018
71785244
74860478
85074799
66607200
80033716
71010204
39540739
92371087
93509862
45087025
16075396
77048696
93728930
62071477
18565198
36609636
83730412
61511960
95960795
29526493
17120449
13814452
20989370
39738264
52838482
32573245
24874835
11767877
96924920
54637449
71479998
43944457
59634023
92836195
45526102
98315918
86861679
28478101
62945274
26853059
25795864
41015703
86566707
10492447
16031346
67158297
98635386
72639238
56261098
39543764
36213729
82711906
82666384
12006808
44187632
48313539
70275374
14628162
43080887
63691715
85172266
16318134
29587019
82169690
99645690
14812911
26098022
70048554
97989184
60501573
99379255
28388825
67579353
55505707
45271821
31007912
88671822
99293285
83419966
83168057
17155988
43102510
83504006
64528464
90725280
28298202
70580495
15331780
19257364
65273857
61764359
93881600
69968662
99412569
63664341
53889097
85531682
84172390
37616836
56701018
58448884
51776695
22026569
78508093
41337081
97655661
16165925
15911126
75515114
75415994
39150592
39270247
55157648
41596136
22580316
70791512
21525899
84476276
62991461
94011013
23923219
63598401
87661891
30180117
55648787
94081414
48581547
60970395
44269960
70142576
37095013
90064433
34998956
82766458
23616255
14234311
67951205
91243568
48174979
33625573
64396198
32334907
95883861
61985666
30315995
61536219
11532365
21914172
81539159
59140403
30399969
93703664
45123023
63349546
28210785
10637539
32157527
19380831
75047838
36195021
69094459
35954257
98377613
53270154
29252605
30751443
87331697
63076174
74492704
85638898
23773251
70990530
84090117
44820556
11121172
90270024
37697702
73608903
49611463
71195714
91965206
68099090
72457762
24222109
99013333
41055519
56831705
26905640
35538073
69258431
31463498
80426810
22174007
69619200
71265507
25856327
38933493
29926789
50706517
26402928
12843169
81061821
69423568
55656670
85389906
56941863
49209585
71187177
81848666
35138138
80258017
50079625
51511134
67109576
49945586
23561582
51524651
78443360
25399115
30620522
60451791
14535115
71862530
83883657
68744721
52510377
30079871
84418878
40688856
32995173
99439532
25017711
62344864
27479998
13738768
81512841
81000211
63822019
30336870
49258937
29862834
28137014
18288574
23927522
46362542
41904286
78181697
46137711
86672531
52463354
57079097
71075394
96939570
20719344
94076859
95991152
47150124
12650102
85776588
78126360
81895997
50644074
45978804
49757880
98608739
67735931
93994081
71265498
74027355
13850536
53108115
74955578
13926484
32943425
95343841
76526092
54453581
79727695
57307518
57135843
55558002
47051426
79698754
82994966
34381501
65618857
29893874
37994267
35488059
82005076
71147759
92288546
49686033
76949275
47853350
69641659
13696430
34449092
52157909
43265373
54414324
67295065
38116657
63654867
95503814
31400723
51382242
98739449
86439596
16272165
65894361
34255047
42888264
99524810
77224824
93447465
70891908
18902633
13501802
54818235
26517553
32581843
38716329
72612722
20310439
55515631
23741984
14587339
98804813
89320199
83849882
83557095
24225189
54489661
13812658
52315300
25123908
95047735
74107700
35775206
33018139
55031431
17644739
11457841
88594190
26135079
39736210
63917448
78061467
29917431
61360665
28149932
87151436
67557421
92677629
22550764
53530577
71534891
27109536
27764680
75221542
21166707
67771425
20052254
98590853
98608042
40124373
95330607
64414069
70500144
54508300
41243033
41470845
26061805
64307878
92896577
45902365
62349132
92664071
86223308
68918735
12549836
40470014
92755838
94738687
32597074
78918004
32697979
53236831
71700401
44442076
79267796
89081513
74010854
62981890
96876324
69927418
49334422
18536268
46671953
99676090
81738111
13438499
63718131
94848640
73981643
83335446
45008357
68148600
48327450
88869822
93907880
84011560
80735779
21126851
98848327
97243551
49635526
29104386
23598949
68828779
81147402
63352529
64895254
78404603
68989721
13044616
31457268
28092607
25656627
47617301
15310288
84465036
61334179
99883401
47979947
13020034
99262545
35630032
43916228
85736125
78765583
98863624
91614485
24830470
75258588
66422891
47537368
78816153
56858381
56800457
97833339
79644065
42931473
16180588
21372869
25647203
50044379
18330285
49067134
13197221
89189578
72034702
12987981
89087646
99262982
18838097
25123530
57064754
31202015
86939022
71923562
63285500
78384881
67898168
42866526
43539586
66932665
10152094
42777053
85771576
99446465
90654230
27865091
23747225
37023177
13391790
76010447
83526624
24124278
76177718
67910950
42782725
94208182
35998032
89890512
30807865
29009933
86965012
69896504
78728675
72522897
19132687
44613974
96879617
38365922
28868113
98395146
41640289
84632987
96541538
72176558
53123836
68283507
91667626
48696356
67416814
78310057
87882372
44754997
41102071
72739015
85379656
57387211
44578986
41975712
12673180
89020504
85925659
14520363
68984692
63847197
39112654
35850418
61079487
89529260
33620455
95423504
40870660
32018490
43584603
32143498
10543745
82119494
88113355
94465386
21232746
15464847
11914208
88518814
75200420
48326421
49675959
85976973
35719623
20949898
21697792
75141890
85123139
81318202
64875870
63850930
40536521
65543297
67204387
46253339
33580792
67241002
20466939
51766957
88491732
30965018
27820047
95424483
14186207
25749668
71643519
34293037
29669870
46050407
14168707
66951192
31692621
52922166
75710140
51922578
30790785
43647872
68768927
66978252
74368125
24671524
58108435
19046164
26580249
96589440
58027427
46058609
24369648
70684717
29036591
89747568
25769492
36817787
29680941
75143719
35569423
57752155
89583559
10304823
44484754
24107716
82463086
88582858
78333902
88804206
32357229
63855176
69250176
42501287
53726870
55898033
99043223
33374403
58147275
69792635
20486487
30199927
19981079
43227564
21144332
14981722
20639880
13832588
35361885
23472749
74685828
26768437
85026122
26785634
11777125
28369715
81488231
98093324
73802102
48728481
28777970
59913052
91381089
49471317
35234529
76196979
40094342
59516300
98480622
74941256
63496963
35163135
83771277
79535455
46994629
74334426
48040472
30821495
86445735
83548620
31923919
33232082
62214381
95141556
55950855
99113615
58285960
16594109
69416035
17510124
56571709
66666830
92082119
44070899
77546145
95023341
77592835
51454466
53241071
86766946
46287140
60667293
45931545
95793514
93741807
19585046
17542551
51806788
73301729
50060050
22389760
61030706
63330308
35365156
98077287
90846645
26834347
27723094
13992932
60617636
44405643
25822485
18820643
35238090
63456262
49725272
59591716
89014199
69258221
94415317
41335248
32160654
46786298
56395860
95336300
21220071
74715839
76442715
18420706
80863814
18430212
32201223
45895215
81561014
50917719
77823871
94133004
54706841
15317460
61071188
68723989
96737647
22329020
61905794
97064769
16364718
25376064
92253809
73645880
19511921
22183529
42157982
46201547
59893641
91843770
87186927
34379242
97313714
27324815
89202186
88144815
41815699
92868348
30337955
69536056
25595845
12554752
88819509
97877886
91967131
13965254
65206862
86464680
23203219
62068979
21995995
90742234
68898163
26689595
47760285
62247114
20330464
53420802
91627538
10626180
21607523
26253103
39929977
26463550
15211614
79549320
60981908
34733860
70160292
58868097
30567332
43229153
63398922
47040672
74756906
77912212
61713902
74703915
55038477
20857689
13057856
50247346
90483359
54764524
42069842
65404724
55735771
51784834
28725968
31940613
82782764
40113138
99727058
67477160
16318521
23951946
55420051
97160743
57566281
35279888
67315003
84594949
48881221
11178471
12873943
87195461
65577067
11544362
35251414
70592962
80163553
64575407
78890865
78292444
70251088
26712274
26705564
68172460
17975658
18143876
18502245
38985140
58741772
48894034
31403378
93966755
17305446
54998851
83660694
42956838
30423901
71656603
81458579
48945370
57412028
28083155
26244155
73516725
50335773
42575884
88264492
35395345
78775276
83386287
52141271
19113298
90071205
81235135
34408137
81763217
69102409
37592907
30803915
91271951
60843334
29542941
69042471
65305277
68224058
97193063
95252178
86596130
29640544
76531300
66570848
70492894
38503640
60692935
63615350
72851647
94295756
88808467
37404793
13949007
17508300
54937086
33934262
31069816
42908408
39422373
95603889
61042940
28846895
84861240
83342796
48263815
71444742
92469195
56093559
71718686
67510286
82178189
90024748
18605036
26085171
43749521
17489435
60159469
46436769
73883603
35865907
41818323
73732102
35368257
16811358
37385106
72265423
20640209
49411197
81088933
26310054
59656341
97664292
37947686
86107851
80591139
18523589
33035661
84147673
45859666
61949650
55624439
95509090
98774107
25055174
72528992
86095409
38231691
18875090
90640824
30245387
75062208
86307726
63630911
12713283
10075650
69759302
20378618
12433123
61999608
77543926
62162825
71972934
77756416
71610020
52165880
76142368
97008351
14891031
98968776
19342936
56769542
46927769
52021733
77333838
44886082
30494313
17002180
21826750
36651672
24482463
44710757
66093584
96718188
29627103
49250777
89242028
58023732
58324869
44490219
53233830
98089406
37068778
41200127
73745939
34592626
93352660
32726894
22241157
30812016
33142875
41543963
34059326
93462848
98184086
86281829
92475994
57669051
78548154
75818390
49670758
26665979
45094679
73883283
13561510
65287487
38447239
49723517
15772346
11238338
78907460
47942448
43508387
71181638
36121117
84598901
76398851
73213483
95052502
59993176
95153676
21186082
53559866
67013944
36239416
71809010
79798794
97935519
83993005
30893039
28985893
96958990
68780342
22790865
47904796
19941358
38120422
64510250
92904198
11016548
36201552
98816846
91895266
29732741
70241818
75124468
29015180
30893177
86689425
79135107
76978983
36391522
77791013
96760390
71215681
38207352
20858429
69836697
68973971
72706026
13488213
38441315
20097727
20238883
12327124
66188776
82603645
90117090
97698422
11490704
57390635
86881813
67463189
54038670
55890013
77223649
41019449
55144226
45575395
72205871
90313477
22251912
58847369
32383450
23898345
96938348
60960195
26296167
21128655
47996383
80193399
64919042
80280611
75769697
73022452
19636721
78716806
37988483
81491787
63043749
34673983
71536888
82443807
13082097
44189873
45497504
25223121
49145560
28940259
57384777
51914566
61790998
95299416
24540837
76218026
22452404
90343857
24712039
67533964
67635887
52235034
63418916
11757107
59260889
29096471
26453877
93582946
24621793
40915085
38209669
44046217
16213368
93791371
10511819
58576564
34528535
60472052
58818892
42782630
36436562
99785409
85898696
22610139
80344208
43069948
63651494
33613385
80767829
53996086
63293391
86705831
45007064
36904844
47355103
59410253
25294708
67803619
95294882
99636939
57263712
86218669
35404711
62265161
55142507
68331272
46312043
28024787
68750701
28460833
35613738
28069202
79140096
66230520
78968980
12659139
99111038
61650168
85009747
65437126
48707140
87318886
30750369
78730072
61453580
90337462
18624813
41077038
15862263
91764978
57723413
84959953
17823048
61344057
22678501
16908583
15171480
57177709
62603763
10591033
19923217
50886164
29240012
82184839
60336073
87556418
20339711
75232776
86113520
64038351
26198404
66663157
38596809
97115778
57459311
50184174
83902965
74941550
18236919
11539072
35240248
55150310
57757009
22834860
10028439
82709196
58888012
72431087
16910096
61054484
33188893
37147451
14766591
81914760
50689875
87203642
49445382
46040614
98482304
46525255
63985727
25876758
38737940
77481354
26742356
36318208
71003225
17670008
12689908
41362237
29405809
74010312
75247742
60793984
72349465
23636084
97453183
62873185
13125754
51296709
49392927
10139069
76411040
34827390
27752691
56676764
99336876
93375225
57274993
59740026
82527232
10837016
11955016
74461052
57156232
45305635
56476029
24841504
96477108
43202659
26906335
84752510
60974745
86668179
58132463
26790553
49168010
72689862
68648597
17923020
59687278
43358523
31097237
51079082
12816516
76482744
85830695
51904307
11727986
60898320
12314322
95200319
52485282
17037061
94628020
79805125
46918227
60196776
60694509
59815195
47471557
10186871
63472552
47478540
84029982
10588763
31900626
70278634
79276817
11236375
52123884
58474360
58252997
17225125
90045260
62974667
62815372
96261542
10239449
49895068
57784756
40512207
69463850
59559933
40602054
45101422
47739657
59301910
65582948
88512301
57655907
90740891
13890458
43784311
50367605
24536757
34443686
74421967
98966280
25631905
58604285
30639584
32951879
87820689
98071974
59432871
68974986
36197084
45225162
40292654
62497770
60710842
82817402
34465564
64845562
59439820
51745683
75676531
59562125
62580726
63300683
55238970
57764384
68242183
43046057
28974557
16654124
32543350
23930524
12395670
84115234
84989096
35123077
28020372
25664390
94657024
49767528
10650814
85812495
52099018
28977515
57223426
44321190
25802959
87551723
22018946
42266112
38382223
54610066
79447535
89729276
26946862
53727922
44247651
81585293
14542142
25117136
31668327
10034202
46449659
63860393
39278779
72110953
46096310
64673237
55874089
64631997
11402879
65807644
15132180
64482260
68951865
79370601
73672009
64597562
31450609
56681269
25124799
34025264
55177108
52254315
81626974
90754755
71975979
89765665
56527680
82257258
89251646
97131371
14010708
98984144
78148844
53073854
38957974
40526529
20639692
13088350
92241944
17909934
10088281
86789672
99642117
76172277
67882311
14163327
36784274
70927082
15534483
23466122
26069794
63747219
93685710
96277616
74956966
38886502
94991825
63882198
92706575
55659427
74435148
86125568
40552526
38748971
55854310
72534726
51141597
77642636
90867632
17392054
55052747
69256031
44991159
74847493
92780432
19359030
15036880
65036296
97042373
64890424
16986010
61046395
40838627
61595391
81609822
55927541
44934826
50462902
25490551
46524655
17869649
83888193
71459808
33989918
57509699
57362565
10492413
13546186
57598183
73613392
17917554
77938213
47412683
81311828
64659767
43123495
49442792
24444349
61514680
33518902
14865867
56605583
59609652
60429108
28744831
69733117
73276632
38404254
63194324
10553927
24928857
32558288
92063613
82439986
98781177
42105365
19264839
11648856
18613013
23598988
61112143
54952499
97269395
28916462
22771857
24317750
35491113
17070841
67038341
85363737
98283380
41906236
14255146
54873193
45159179
34532424
78009615
22833375
87911624
77723128
63726899
42472696
70122890
64170353
75791666
69417229
49712819
28486530
98386858
25974208
41556747
11506887
79863320
80499337
59365633
69586257
99875248
97803342
42005509
41933803
27733744
30865688
69783199
41648466
62443580
66206368
99888738
60390681
99659889
56576675
41497576
68612396
36667219
52082804
96406358
65033698
92618279
45494860
84971943
95275624
28848612
71094300
42378164
90777479
79946669
49300701
96598462
27207060
72421345
22213356
52673996
93463697
32410083
21450799
86112429
33087080
90227489
50117271
49468988
43105070
54599257
56624662
15794479
59585772
64641075
13719918
83495861
26646730
58037919
84187881
60681615
47457621
24130700
72509601
16129535
24110114
35854597
19560992
42354865
99516034
17472033
99589264
25921766
86219951
74704024
85011352
75774373
99846440
73199697
82728988
82073732
34828167
27055317
67183090
26907298
19748983
62528055
11744592
45859521
84781029
92763812
17028874
50469287
41889698
57026345
45325416
78358846
47633220
91704892
50120775
58028279
17821874
33879756
72317043
22175591
48504815
67858734
93902925
39869015
21875633
88236923
21260590
37300004
14664609
79157477
22431109
54074687
99767860
19873299
50652641
19615663
68727010
81584209
93915134
13913618
12360226
38533421
90962842
77246868
57368086
58377277
66843839
14594025
25185585
83090191
70938127
60765043
10030841
59069096
69063227
66800548
78537988
64133310
14223310
35778524
12027118
12714678
32099558
29441059
60702057
80523888
24658507
63313315
42613320
18717976
14836722
90600907
46733598
49064746
77524052
47581383
97562670
56849655
77043920
12069716
25752852
10530081
24965611
47755082
30919734
86298728
31615985
57590759
61522728
93879036
36905090
95377774
97342755
18845346
22804530
46546033
92391150
57789105
58994852
66653491
10415364
22310973
23897001
74380529
15734679
84691573
23887993
46990552
74568937
48395917
73392821
71555503
20578558
35479723
10162004
87241756
66543701
22580613
52606029
53204677
60505634
38152286
79539484
91574035
13823187
66841584
52356947
97975508
63970390
75234748
53484710
64486582
91379746
96400629
34710260
92293737
19808437
43537615
25722040
32670251
62970621
95466276
44511731
34539124
94072812
27103251
62622317
73759803
93246237
35150104
13276519
49306349
81523640
18116688
96736377
82655483
70740540
56528470
96929328
43058582
91132449
24662039
77649896
60096000
18766520
21466875
54050219
49763710
84298105
78478390
89659816
35823935
41512791
24644700
16854073
19668862
27613762
94992420
79324038
75007526
46475948
11708213
31222986
37464659
47548729
74562911
82968799
44901610
12715063
47854864
39060863
84203199
15284564
63424548
11308980
63485005
58746430
42367338
72315062
46927045
98377073
23249674
48194261
26278825
97092974
49400840
14173883
22549314
74896803
78076936
94269998
71238052
92166040
68678055
47497056
14382794
65505740
82922905
75308195
88742781
12946322
79915276
31987782
99871170
26006274
81198379
13993027
44147508
34300048
75095544
67029947
29127873
44451272
61182045
63617048
20795571
32676502
91655264
55257025
12714913
48729189
81155596
49939599
91074679
45128152
44847809
64144433
33265359
22875270
22696827
50039605
24176242
29404570
70429094
58763900
56436107
67984181
28572737
86759070
49450063
42472609
39414215
43491741
70148645
87073485
85730930
26918825
36324774
55232755
83486689
89827521
91157546
87536932
60203984
72507760
11250333
58630990
46331187
51307820
42362610
47635472
56366128
21525872
55098025
41904158
23017057
21764083
46482512
68794044
89928841
75231688
29249423
97029406
30170815
41441299
59306691
93686056
69445434
34837249
48535126
39589460
88419231
28264397
51851880
71910616
36649832
72274296
82092481
84100615
97648191
29449084
67379235
70981190
41165960
99577549
47749624
19368873
27183529
22671763
68990700
82152169
82371275
32743734
20088467
95441138
81317997
14136175
43714298
39458988
43419798
63329250
81586955
40589685
64395902
48168399
86710465
92691892
30481124
62037838
25858398
28329215
15802860
14485742
80972510
19581864
40818156
84328162
38175856
30141794
23352518
64098768
67856000
51762269
37302395
66875142
40652718
92417027
31405454
88829530
70230763
93458889
67349448
82236940
56260268
25326073
52328278
37418281
84452288
24614677
41260660
39835055
62770889
52699947
88024143
82801296
37924612
23815459
77285452
48511897
76969583
69118464
37486723
28153771
79261373
37988466
32388746
83667374
59102970
15565219
75171964
69840563
57425408
28972496
74078602
71043470
56669498
35967749
83412642
47167940
24226868
42578555
76769242
28991412
16127691
29024989
28232498
55126496
17105931
78579371
28711398
88723109
84587187
32774660
16377469
53190473
88801649
72429122
68759946
27873823
27537991
26771112
38872485
47959477
60796707
92902088
96148067
41568545
30971570
87105940
85352051
60166053
95945924
80847208
89846028
78522653
91348193
57348928
19078350
40462062
24454054
81987958
60244091
42143097
93402020
33537629
16020484
63238716
23753214
76664850
83103141
27749756
54252241
15555995
54596753
40069727
65697086
32230707
33149777
40685258
97114755
42899737
34607291
26232291
55757989
33557971
74293606
85135685
76244539
64175640
86137173
94102044
79552117
53861099
29209290
72014999
40977207
29204341
68465952
40526810
64837578
74226123
18583239
32351191
30647912
58683725
95365525
10172976
47092295
91219885
88516537
47422366
50921830
80840868
69705033
43518379
14011522
43767019
87071302
55112317
28433881
32704271
90336401
92868014
23755106
92557929
15832156
16974654
60876973
36844948
49640139
83963603
42520661
38955265
23437409
97779519
28082594
48313957
70235131
75440520
11054635
16546172
11775964
95313421
98093940
48262609
85034746
95172347
24570493
44678553
52010437
49932385
10995481
71965564
66849032
60194318
95841247
15926714
32544128
66600675
25599501
58292253
52904977
32637406
77186508
61777762
88845742
40165580
51545661
70782307
73442757
56635309
51021746
17307025
34597511
81478263
96426490
84440714
35988254
43423145
75358067
40540706
62061268
92632732
83444027
34525735
79986932
85478065
98385422
34422420
23016488
64333180
28902872
92567703
84135156
97434093
54894508
11364679
38849484
32975353
80131553
76463035
19593251
17396413
43557641
49948597
65429482
45345412
76139869
54432408
32029767
18079764
41120707
13780409
26401900
69474072
22660209
16856286
75704737
14734039
28634074
61061311
11928404
38930775
57924820
17419012
61759112
48404026
59056721
36710067
78167411
93368225
88109506
24660064
62809183
17971954
30654646
73647339
38537539
67631492
89597922
24872716
39225548
78548973
77638131
13956897
49765435
93482842
64951019
36553020
65868995
54649122
74486273
49878231
80306585
56772844
56197410
32299025
27428275
73156981
89538827
13417466
58381606
76716834
20889575
73375371
34475493
85144225
82528389
65479265
53419735
77213234
40578180
78800208
69413762
51750446
23705947
15667513
15646052
58177062
97159611
44775706
78844588
46557026
20102540
70681481
52416036
98481998
28949732
95939569
86264169
33890279
19673214
75024208
59676532
12993906
15618751
32580957
21648108
80914214
56554112
44577944
64976986
98231302
47137832
48541795
97897718
74024125
24751693
80272876
42680317
98136414
12239018
93606394
12418245
55872638
59798038
48068601
55778426
97700701
82485481
21306589
86503881
80548844
31272458
87957457
37146211
23829060
82603107
33583969
67650152
37947020
16112770
91690499
16502935
17529672
92505794
66314500
83115252
60451476
23581858
54303124
21491050
42527315
60007017
47221270
90185988
56239013
26181080
32619882
11940759
39066072
71289903
25129961
53034505
34038676
79984288
69781079
56480645
67665891
43590679
76742329
76973813
54645629
86423425
59237176
59117470
89967151
87501260
42133123
99057160
74882555
53910267
72641231
71072496
66418175
35079993
21725938
77174288
74341238
55411209
38504560
20039674
47370425
18293555
20488418
51827427
92394387
71536250
97605298
42290015
84032847
61247960
48819243
34776586
57351895
62979986
62120925
20110619
23049412
45226533
12180829
26822993
49206603
20826785
32539960
84750866
26419967
99715744
73910834
80516274
20312506
24409973
12029463
36582356
15046365
20526612
75102752
48172673
68537437
13509603
81744405
35268197
13342374
16923316
38727966
95555033
95764381
83362025
41870979
82310814
19907455
66020318
39386832
97535339
78306767
30490894
32541506
35380054
64582112
90230660
42992783
97427463
49448020
33175208
10272686
23970397
44426824
78107916
32843433
96398704
18312963
72653034
29443462
89126471
76573293
86245223
42799993
33837849
44435653
94711675
20909822
40305354
31576952
27849096
17389622
85534141
21590719
60687314
59885486
28134445
31431038
90157669
33087926
71662961
55458643
64509344
75178324
45124819
64999771
63225400
20238575
42967236
17912529
78942627
79596961
68259371
62833908
35757813
16965182
45636883
47953351
74591923
87326715
67256662
31681757
82390774
39194594
19054625
26889231
89389325
18020615
59426422
85447351
24864525
26886144
15361367
56810261
80298121
44136311
43959648
32661023
40694951
88566224
12959812
76882593
74585585
61749940
30874943
64024806
23645352
29807743
30948753
51765625
95639404
61209612
82733154
90678670
69991680
35823774
75338787
31427021
21987669
34156027
58260732
72556484
82972208
22523694
71492172
34017749
99997716
11883766
27293232
95486266
24828740
62343608
78427228
47508830
29904237
39555881
93608134
81513362
23537670
99726355
15441497
22184810
53213097
49730136
44471208
72113754
30386842
60191933
68261522
30919448
50278592
33474898
49816529
84856338
50084503
28432488
76447110
30453637
56945857
74837890
39642921
64783115
91952054
50167851
11641734
38880125
17745499
84912589
81159907
97635352
93164493
56987240
77067733
29879345
29344595
65420245
31910445
26226289
80517346
25451869
70726449
75354595
84077439
29244481
15148716
69427874
69995288
68479201
75897439
26285322
88300929
75248744
71126884
10161576
51277004
15685131
95789215
61701774
13092097
12367505
40464539
20242761
73008746
36715492
47752492
38487145
74235178
77350925
94217200
67673677
92069966
78483718
24945666
51712126
74817747
19339501
47063577
61599627
20431293
11824969
49854218
18391039
77027603
93464676
60013467
26055117
31217757
88074473
74456430
72069101
97817629
49580317
51559760
68180895
38628367
50905671
34547925
43297736
19712532
62517574
90145065
69518919
27289471
84075277
32597364
92008028
23219541
92306590
63494007
38908106
33474087
71770008
24110979
57875165
86692271
47762980
11737927
54003712
34629066
41039923
33244324
27842607
79877297
13203475
46801448
29709601
14795546
59430185
30435401
35292516
95045539
32586339
79327566
17042830
60878860
58491374
69379982
57613710
63810988
84959384
80273551
69188533
22418593
42092771
64422675
86907083
36899992
22078905
57279090
17594682
29895391
95915951
26652921
56773776
57007764
32762607
43064913
29743073
96177584
19270524
15200868
57957876
11927538
94207375
14866568
21727870
86570381
80193344
83199534
36005149
77353811
23674180
64189903
16036956
95305448
73397776
94132708
32147322
75969733
56504881
12289894
80589052
20319739
99897950
59142247
39571769
52830660
83104823
51490487
25180319
90169140
78458854
41745742
37625397
25899677
97346890
77769548
89693090
91493579
74027835
18944125
34200998
15355943
97737880
86205237
33159658
55139165
29858203
17884847
72974185
49648589
75151841
54946104
19861851
57906770
42034281
77920882
64556169
55467074
80268173
98241912
96337087
98635777
87281097
27507510
52649919
70667753
32211085
78820443
96207588
30037967
21580420
45146459
29447294
26050593
48446393
86970735
15261899
98060591
74673418
48393374
12363878
98724383
51051767
85817910
84771043
69229134
10924992
70062372
80479546
65431850
70084756
12754652
81339705
76471548
79353391
61108002
30999591
22420992
66689275
53170481
89711252
53382629
14464576
26298841
65461326
85539979
28661461
86603289
93793713
76936756
59107373
28781431
67338236
73305761
64844057
87857523
22278628
56620105
59194205
92916303
69466921
46061396
50636772
21932761
29602194
14709249
64053111
27318404
87025404
17471222
40500631
52833071
24742781
96403356
17154552
24791767
66628770
94381064
94449968
89792222
53277312
14100149
69040076
13377842
12582357
20261965
98856762
68264708
88344595
65867177
81877935
40117666
99999734
26430809
61293953
33365569
12811616
51864868
57260596
18630748
70834969
12756743
34480481
71598039
56181860
87842680
62941819
79078483
42330043
88079948
16784092
52314372
65559012
17132395
30397809
98744975
90161424
39252088
78503576
46242188
98374421
43772792
94284982
57466420
73302099
71154841
40549537
10406344
20986485
23706849
74705863
83365476
98721673
26284027
44522750
12159932
32627300
61303406
19179528
80797243
66340060
97906293
64777689
81824691
41113284
33586317
31163713
79177098
81034674
22728976
26814495
30427245
60491309
81202788
22400260
81219427
38778745
59172174
66101159
44998701
57941337
87008966
54438912
28240959
45405697
65782622
21869621
60904185
48700016
41813534
94145112
32586709
15268342
20771196
38382880
64872055
71439578
41139235
40821938
29567464
99243666
76815801
33012981
44922718
82650751
58037925
21680691
46833903
42639117
75822764
77346294
19056162
30130446
55766271
89738001
23306485
17262253
66694849
75872820
81414093
95792419
45111792
20586051
27328849
16366272
70428903
53805647
91068848
99703608
41838417
38871734
13229410
76930846
21727586
65513769
72604142
27903926
80814219
56302814
82951089
31930264
67474681
51095228
82353192
82739220
62934449
85086495
85990803
81796936
47090778
13250982
55754048
67055646
38475396
93154993
75133367
32158193
77038179
40035095
28594347
95777045
37067855
61037971
70954389
27100428
38298783
31968027
12810123
62206886
49245903
57734609
60504482
92912875
93600051
76420558
92393813
43571011
31370001
60872415
37964810
41659115
24102930
52414792
41986703
52867250
39598010
48568934
10820023
47909149
48003447
99895137
41567474
43405237
83091117
29914372
94017296
56687014
53778829
93251925
82332976
62468244
27898686
87329936
43639702
47614602
39263910
96887751
29696809
76329876
79364480
74285743
32695504
29583313
42842137
48031532
95359138
89503008
69426259
87742076
98043019
74044366
90808039
74605971
24558772
53246453
58703604
21816471
23356832
38296263
63809619
26178971
64863865
63735544
47012953
60277722
76243861
80092649
17980972
52628052
12640920
56370991
10872337
16098442
77877701
21850466
32899335
55875122
94424900
84605803
43172649
74217950
25477706
48374205
52571212
14952010
46731274
31132477
28432423
11423251
80979250
85765464
21591591
58932102
82409235
83229154
31756729
71556689
36780948
19580614
76600075
42517223
94045513
39378226
46621104
98350231
95875386
77355285
45762505
98153495
26038923
88080396
43452288
77745711
72683326
39608486
54743312
48151075
36851774
84971320
27016868
57545424
70044012
56043087
65017459
40339898
59287563
43559899
46792824
94528831
46912211
88915062
32349110
13333675
82763705
32878882
43444675
19126965
79778238
52394198
26775525
84314768
53209771
98395945
59086538
38926903
82014961
86623939
32896301
96566751
56482398
30756600
11358795
74729762
43631986
99655184
97821788
62845360
84265744
71263893
26967172
18694959
86220251
34871799
25517474
61315802
46367559
41409923
43400783
41300007
60763329
49884106
66997613
40592501
95706809
99229449
36580438
49295206
29561066
86600648
75085450
86267823
63422733
49082695
68470535
37255290
50928595
26679441
82448919
69897385
92755157
96575999
53219410
35610793
74133815
59970175
48609677
22095158
24195218
97937638
66469850
34653601
78035665
95002605
94092001
24301018
75575703
17117561
35796117
52791512
50110213
94469619
28312388
92986614
45499359
19006721
39093938
62293012
72113301
31154118
11827287
39501032
41652180
96136575
38194104
12702674
38433618
76911113
46682504
65935911
36655725
94554963
94624590
50790136
43655483
72716525
35788612
19822991
76547843
72476619
73442482
93843006
57374676
42177771
40277880
20796206
57715782
14373341
55970834
16532534
97078012
32620555
32067610
74440102
67162488
94589192
51906487
96086674
34911310
36983644
82075500
42319165
88611650
31034607
33907156
82889331
21659014
30093390
80503353
15576869
13113290
96800482
99411805
72266285
23834084
63660105
58766993
79593321
59980415
61179806
34677854
60936565
59689001
48411461
39046244
51607533
92992824
39597429
71986859
96258590
25578114
33018123
47720412
97586932
23283970
89974353
16704555
66817594
71592029
11094021
20005897
24314659
57316661
62612989
78482020
60544571
35098534
52007015
35184102
79309293
87341903
48799720
99483566
55999431
79625717
71948957
55967354
27921881
22021501
14591785
77240342
99333764
78934418
13151423
98064766
47587127
30951870
60494236
59003692
59385052
45904752
58714358
90685375
45513201
85580101
85168639
91550407
88195784
14351100
86358842
94482677
35992874
58839201
74557906
17193484
54244345
75045256
90563715
62773804
75643989
88991053
24513962
92524995
72033634
52364838
21175214
14980222
39161451
22857397
66340715
16313109
15707977
85547413
92085832
25491503
28733033
79021331
39261451
32178497
92827864
77339369
82404999
92881802
89813356
36078151
45601788
46936012
42563097
32935655
11676170
59430967
70354576
84287594
63921425
19830774
14610707
11980511
19926602
77061428
12593068
50884543
53864515
18595882
87938729
98997286
32471647
72984181
32056361
38389951
26702827
96291187
64183083
11603846
89961796
17217306
87773672
81852697
28785530
15386328
35777565
70027011
79097037
56511806
45627039
75353786
78646763
87719891
34840774
82178547
87726295
86750353
27505656
36089445
51755570
58922086
73806897
40788013
35534345
48332205
75064869
93956221
82144366
16874045
44669673
37149046
57706280
91758762
98635894
35573604
22929734
47460319
64365069
41833344
47182969
92859703
29095350
86425719
22296738
88931869
41173805
21795159
28983597
94753106
41652265
52529606
75332863
46470016
75923090
97731392
25345895
54561107
66298124
56907003
73023131
99506029
41935226
38554851
82431678
12930180
84360575
27075539
85290195
90735757
47813289
38802268
36356990
90926791
32156379
90502098
96744428
95563350
21599894
68328578
83427643
14793736
51951788
23930734
44182751
93041414
49727226
27188138
79204146
77191982
36749143
27813473
56139276
21039223
17939981
39833295
82501296
50087514
36462478
22149653
82981497
30802040
97198198
44277135
62468794
22798571
42650494
33006521
52775364
42274683
41024611
55841304
64736090
91863159
74459891
65624582
60809334
71731284
46104385
48482117
41722744
15641946
46594180
54234834
76984751
11929180
46431886
68370582
93437701
61542774
45887386
41261551
49397246
34575239
51268946
45773520
13673343
25746132
25919154
69713732
26745870
23393800
89191728
75585839
71955404
65355365
81540847
75854278
87030353
23919176
36359729
28603323
21732458
56618616
20450472
53586124
63883588
47271556
32030737
38232487
38044741
98252512
44683241
50973151
88831222
78170896
95423453
69063610
61520641
25543999
55733762
88251437
44646951
42130507
86555561
90825176
96839751
66829332
87281258
68885336
21163889
68718513
58597557
65081841
26311317
30048206
59652075
45854925
13764213
82799283
10270851
65561502
29607350
68294160
49366932
38981077
93531727
38628276
72831412
78717218
48991538
42739133
47518201
75307580
54650860
19976367
55060480
84151185
74773810
26931701
34973463
53493086
57615720
45506950
98674814
67204497
57571581
78047885
50019080
62206979
53856047
57112137
15881522
33158173
60284178
66103243
35004230
19800878
38335404
34278302
20847459
84345813
64272708
42556011
15672812
97988747
75060334
47478225
98889566
78596421
30883347
74843992
64905832
16417014
64216522
59741872
79247130
96948927
92202480
32909616
57352507
57107685
32266925
75664313
35807160
50164335
98711612
92789675
54825657
40980037
13772110
97210914
38521856
93293519
16352025
84212934
71305339
70654383
45123043
29101040
98654949
60013748
54431537
55198096
10504453
24431272
17639563
96770217
65662258
58627384
10098611
37575857
30710594
33470918
50743514
22539065
40914755
46254155
33990500
86037385
28790424
45953040
63049566
82919181
67492056
25433128
51142484
87016490
64077315
30040061
52520798
26207532
46613208
26187776
52749146
15065073
44406897
75141485
14272516
41534846
76044301
37467274
49704251
71937868
50669394
90762764
32525022
13924781
28276769
83139116
29007578
69197821
78059767
31749258
90265981
72493690
99905159
66492504
37962110
79599070
34394274
68613912
61915570
82999054
62034691
79699075
83894625
66119580
12665989
97069210
27789222
81760868
72051616
61337107
59010195
86638758
11693772
19883823
70651863
30353959
11474775
51972269
92431615
43847241
63408661
91219824
37410493
44488533
20132841
41209863
92697894
49756563
91825662
78646949
52783946
40188973
83327974
35463740
64580703
79931525
36145360
48527540
26515988
75788170
36756783
56165340
47389140
86908674
31580757
55552109
38293744
80205619
83307162
64722325
87313378
77346069
94705709
20814779
83946783
76941196
19469423
86773825
33739514
23003302
87452327
55243701
12986972
75827209
54420011
25183680
44871712
37322980
51525466
96901929
22761689
66684661
99962674
18862179
78156167
84331537
85112069
65434138
23168005
88328557
85529770
59367266
45865531
82543606
27388075
75702755
64808063
96033591
58894915
70497047
76361439
55435402
23242643
29591478
94600564
45032701
37008704
22282634
47034918
94414747
71687730
29126812
27903081
74780870
35855443
87169082
23067462
27843570
64335464
14509692
28161011
49466587
48901966
38318162
27498268
23999446
27676176
42261359
16002595
97489305
30725242
56371601
38222857
91305858
95332240
76191907
56363728
94683246
70362970
75764022
18628058
15390959
99082418
86447709
83078760
95083455
23980891
89581931
65470184
77458229
61084248
50257356
38149545
79416211
41230859
85685068
86977624
29602927
46285894
98543246
73141798
90512986
57442253
66963558
43141749
60889321
48354035
54405778
52995417
58932208
15127870
29962848
51242092
14440871
72125700
81843977
26395309
26884392
14800858
77207815
79422863
16071068
40800484
64911372
62860682
61157687
41830164
37904748
37163369
77961536
86971309
28028734
10037410
31793022
58340344
22617174
49823082
51844142
52345768
85932441
77604856
37615204
92984613
32634683
47920633
39509787
65827027
52620891
50232674
36750481
29132837
95572617
55862903
52632830
10259160
82680306
21214081
20384091
51656530
27326221
87479566
34389545
14229512
11861554
11479016
42447723
39767846
29267599
85910241
34389190
70097237
47052002
76280364
23539126
20177671
64735469
28741169
15638224
39464252
70717613
13338035
39844824
20130288
40923941
20260079
58408137
60546143
37986019
43831919
52823190
42451438
34173907
22630289
27690034
18918083
88052081
26280948
71812419
93038724
23908695
67170181
47910393
96127841
48240543
84236059
12586295
14472395
66869404
61776885
97612766
68159433
58313769
67053233
29857795
88313034
11238010
22876996
10287842
59476093
56547306
65337403
16975153
83137105
31975425
93770795
97680148
39674819
87376892
19101923
49670039
88089369
45606474
16755258
11510087
49144289
69510382
52713097
16361414
18780464
61672607
40985033
91851407
65728909
67315509
10973462
51974364
34514335
62732208
89168333
37858449
22620075
38793432
33746805
70323688
39212999
42149751
11095680
15439058
99260167
69358832
95748098
18963981
26456360
85092756
66092624
59593788
70168919
